30
47
17
40
49
25
29
17
46
45
21
40
7
40
50
39
44
45
34
9
38
35
48
1
16
35
47
30
26
43
7
39
42
27
15
7
37
38
13
7
11
48
20
23
12
45
5
44
11
45
42
50
39
8
4
43
15
23
5
31
50
48
50
17
37
49
10
43
46
40
44
30
1
43
26
15
4
42
2
3
43
23
19
17
47
15
36
40
34
29
30
49
37
37
19
35
33
18
17
25
18
36
26
5
5
42
24
21
36
17
23
20
6
33
18
19
48
14
31
2
46
34
4
49
45
44
29
22
6
39
11
20
15
13
1
13
48
40
24
37
29
31
10
34
4
37
15
50
22
5
27
38
18
44
27
35
24
44
36
7
17
16
4
6
32
29
31
4
40
9
1
21
36
10
21
44
5
44
6
5
35
13
17
41
42
14
2
50
45
25
40
49
3
20
37
9
34
37
35
46
26
50
1
15
45
13
38
37
1
30
28
21
28
2
38
30
16
3
33
19
38
13
38
20
12
28
18
23
50
39
45
39
22
33
2
29
39
23
25
37
22
12
22
38
12
41
26
48
5
50
31
8
34
46
5
28
33
22
23
13
44
9
44
5
50
27
49
44
1
30
46
48
8
3
6
43
42
49
22
44
16
42
48
23
34
22
27
10
14
14
12
50
26
47
25
27
48
25
35
16
6
38
37
14
48
15
41
46
48
36
50
8
8
3
8
35
27
20
44
16
41
10
8
28
48
45
47
12
47
19
40
43
13
1
21
35
19
6
14
2
14
25
40
10
38
21
4
36
7
34
45
7
44
3
19
26
21
10
33
20
48
32
21
31
18
33
27
41
32
5
33
22
6
42
27
25
44
45
28
7
32
17
11
24
18
18
42
9
14
22
43
7
24
27
7
33
34
34
32
40
25
5
4
33
32
8
7
19
19
6
23
3
7
45
48
29
31
50
37
25
5
23
21
5
12
49
23
3
29
38
2
14
7
42
49
3
48
36
23
38
32
43
30
50
36
7
8
49
21
12
13
38
36
14
4
16
27
29
11
33
21
33
8
39
38
44
48
41
46
26
2
38
17
50
12
43
47
11
20
16
18
18
4
22
40
27
1
50
49
19
26
8
30
15
10
34
12
48
50
10
6
16
6
9
48
46
10
41
23
41
8
37
31
9
16
7
17
1
50
30
38
36
26
34
16
31
27
5
48
33
33
34
6
43
21
32
49
41
27
9
28
25
1
11
20
19
37
11
32
41
5
36
44
27
13
8
3
23
21
41
41
35
26
30
44
13
16
23
50
9
1
16
10
48
20
42
32
32
16
40
29
24
41
15
6
38
17
22
1
13
25
27
21
44
22
29
6
47
7
18
24
31
28
22
26
40
45
26
10
32
31
19
38
40
14
12
32
14
33
11
44
9
33
25
41
13
8
35
48
49
3
19
27
47
29
32
47
38
17
24
49
40
10
49
26
43
39
8
9
4
50
2
17
38
50
27
38
31
9
49
40
14
8
19
48
37
22
1
4
45
10
35
24
5
3
38
13
49
30
16
27
5
13
39
18
38
45
41
7
24
5
32
48
49
16
23
15
39
4
24
32
37
16
41
6
5
32
40
43
49
17
4
27
26
13
6
1
6
16
49
47
48
21
22
19
45
44
13
42
12
18
30
45
1
27
8
26
49
36
30
31
31
10
35
50
25
28
32
12
32
46
18
45
47
6
2
15
10
16
19
42
26
38
18
15
12
40
39
33
40
25
36
16
5
45
20
21
30
24
40
35
30
38
48
11
47
38
42
49
9
30
11
33
46
39
25
40
45
41
10
1
12
17
31
24
7
10
35
5
13
20
38
20
34
22
2
16
23
19
50
28
26
23
7
4
15
30
12
37
25
48
36
31
11
18
45
20
48
45
8
28
25
25
50
5
12
17
36
30
2
16
22
16
33
10
6
28
42
12
28
35
42
42
49
40
11
11
45
26
48
50
50
10
44
44
7
20
30
20
39
38
47
26
32
9
22
23
9
12
25
19
33
24
30
47
16
6
34
22
29
33
5
17
43
42
17
5
31
45
45
24
2
25
47
8
2
8
13
41
5
40
47
38
27
7
20
44
31
31
14
1
49
41
24
27
22
16
49
11
3
3
22
18
9
28
20
12
44
36
37
19
12
12
19
43
15
22
46
13
23
5
17
18
16
30
13
2
43
16
17
5
42
21
33
48
13
1
17
17
24
19
39
11
22
4
7
1
1
33
42
22
48
12
9
24
19
42
23
15
47